10 10
-37.8 -35.4 -26.1 -17.8 -15.2 -8.3 -7.1 -4.7 2.4 35.6 
-36.6 -23.9 -2.1 5.3 5.5 37.5 39.3 42.5 47.5 48.7 
-46.6 -40.1 -40 -13 -8.6 -1.7 2.5 29 33.8 38.7 
-32.4 -26.2 -25.1 -18 -0.1 3.6 6.9 21.5 32.5 42.6 
-25 -24.2 -13.5 -10 -2.2 1.4 18.4 21.2 31.7 33.2 
-46.2 -45.7 -43.5 -35.9 -21.8 -2.1 28.1 32 34 45.6 
-47.9 -45.9 -40.1 -27.6 -11.9 6.7 9.8 10.4 17.6 49.8 
-49.3 -49 -40.4 -20.9 -15.2 19.4 34.6 40.4 42 44.6 
-47.1 -46.5 -38.1 -29.9 -26.9 -24.4 -8.7 3.8 28.1 28.4 
-41 -34.5 -23.6 -6.3 -1.6 6.3 16.8 16.8 19.7 26.8 
